[INFO] [1612449455.298413]: The Camera To Hand Matrix
[[ 0.46419569 -0.88432518  0.04991323  0.03518497]
 [ 0.8033207   0.39659906 -0.44428037 -0.32972631]
 [ 0.37309278  0.24632937  0.8944963   0.69076393]
 [ 0.          0.          0.          1.        ]]
[INFO] [1612449455.298902]: The Camera To Hand X,Y,Z:[[ 0.03518497 -0.32972631  0.69076393]]    RX,RY,RZ:(0.26872255121722943, -0.3823402710359193, 1.0468257990455612)
[INFO] [1612449455.299532]: [[-0.26164935 -0.76538565 -0.40631908]]
[INFO] [1612449455.299816]: [[-0.25262883 -0.76429029 -0.40527289]]
[INFO] [1612449455.300061]: [[-0.24681472 -0.76764326 -0.40223673]]



[INFO] [1612449841.739228]: The Camera To Hand Matrix
[[ 0.05493296 -0.99808614 -0.02839772  0.09513245]
 [ 0.99219895  0.05775235 -0.11048036  0.04016715]
 [ 0.11190895 -0.02210717  0.99347253  0.55860759]
 [ 0.          0.          0.          1.        ]]
[INFO] [1612449841.739544]: The Camera To Hand X,Y,Z:[[ 0.09513245  0.04016715  0.55860759]]    RX,RY,RZ:(-0.022248751227042233, -0.11214385661907895, 1.5154879259572975)
[INFO] [1612449841.739797]: [[ 0.20180728 -0.70829784 -0.285748  ]]
[INFO] [1612449841.740018]: [[ 0.19876025 -0.70324527 -0.28453975]]
[INFO] [1612449841.740236]: [[ 0.20379605 -0.71650314 -0.27383969]]
[INFO] [1612449841.740455]: [[ 0.18928059 -0.7221702  -0.28823472]]



[INFO] [1612450180.859682]: The Camera To Hand Matrix
[[ 0.01051678 -0.99921188 -0.03827564  0.02906876]
 [ 0.99991131  0.01082152 -0.00776333  0.01655257]
 [ 0.00817141 -0.0381906   0.99923706  0.56380379]
 [ 0.          0.          0.          1.        ]]
[INFO] [1612450180.860698]: The Camera To Hand X,Y,Z:[[ 0.02906876  0.01655257  0.56380379]]    RX,RY,RZ:(-0.038201167802672895, -0.008171499334919412, 1.5602790058681668)
[INFO] [1612450180.861175]: [[ 0.21346753 -0.77797845 -0.28744707]]
[INFO] [1612450180.862126]: [[ 0.21762597 -0.77474523 -0.28682698]]
[INFO] [1612450180.862385]: [[ 0.20916023 -0.78222076 -0.28819206]]
[INFO] [1612450180.862634]: [[ 0.21201875 -0.78649423 -0.29732822]]
[INFO] [1612450180.863014]: [[ 0.2033655  -0.78700062 -0.30313996]]

